32
Read
 Stack  : 17038 (54.0666%)
 Heap   : 10 (0.0317329%)
 Global : 1 (0.00317329%)
 Other  : 14464 (45.8985%)
  Total : 31513 (100%)
Write
 Stack  : 9368 (29.7274%)
 Heap   : 7 (0.0222131%)
 Global : 1 (0.00317329%)
 Other  : 1400 (4.44261%)
