Read
 Stack  : 20354 (42.603%)
 Heap   : 43 (0.0900033%)
	Success : 266
	Fail    : 43
 Global : 1 (0.0020931%)
 Other  : 27378 (57.3049%)
  Total : 47776 (100%)
Write
 Stack  : 13019 (27.2501%)
 Heap   : 35 (0.0732585%)
 Global : 3 (0.0062793%)
 Other  : 8051 (16.8516%)
